t	E	Z
0.000000	0.500000	6.634685
0.100000	0.494733	6.531597
0.200000	0.489550	6.427386
0.300000	0.484451	6.319743
0.400000	0.479440	6.206364
0.500000	0.474523	6.085111
0.600000	0.469706	5.954334
0.700000	0.464998	5.813247
0.800000	0.460408	5.662303
0.900000	0.455941	5.503420
1.000000	0.451603	5.339849
1.100000	0.447397	5.175499
1.200000	0.443322	5.013908
1.300000	0.439374	4.857422
1.400000	0.435548	4.707107
1.500000	0.431841	4.563228
1.600000	0.428245	4.425763
1.700000	0.424758	4.294653
1.800000	0.421372	4.169803
1.900000	0.418084	4.051057
2.000000	0.414889	3.938207
2.100000	0.411782	3.831029
2.200000	0.408758	3.729296
2.300000	0.405813	3.632745
2.400000	0.402944	3.541052
2.500000	0.400147	3.453844
2.600000	0.397417	3.370700
2.700000	0.394752	3.291168
2.800000	0.392150	3.214773
2.900000	0.389608	3.141065
3.000000	0.387124	3.069661
3.100000	0.384696	3.000263
3.200000	0.382323	2.932654
3.300000	0.380003	2.866675
3.400000	0.377736	2.802226
3.500000	0.375519	2.739265
3.600000	0.373353	2.677812
3.700000	0.371235	2.617922
3.800000	0.369164	2.559661
3.900000	0.367139	2.503082
4.000000	0.365158	2.448234
4.100000	0.363221	2.395182
4.200000	0.361325	2.343995
4.300000	0.359470	2.294711
4.400000	0.357653	2.247308
4.500000	0.355874	2.201687
4.600000	0.354130	2.157699
4.700000	0.352421	2.115168
4.800000	0.350746	2.073923
4.900000	0.349103	2.033822
5.000000	0.347491	1.994747
5.100000	0.345911	1.956585
5.200000	0.344361	1.919211
5.300000	0.342840	1.882501
5.400000	0.341348	1.846360
5.500000	0.339886	1.810732
5.600000	0.338451	1.775592
5.700000	0.337044	1.740936
5.800000	0.335665	1.706778
5.900000	0.334313	1.673152
6.000000	0.332988	1.640113
6.100000	0.331689	1.607726
6.200000	0.330416	1.576051
6.300000	0.329167	1.545129
6.400000	0.327943	1.514981
6.500000	0.326743	1.485619
6.600000	0.325566	1.457059
6.700000	0.324412	1.429319
6.800000	0.323279	1.402413
6.900000	0.322167	1.376352
7.000000	0.321077	1.351145
7.100000	0.320005	1.326792
7.200000	0.318953	1.303290
7.300000	0.317920	1.280624
7.400000	0.316904	1.258775
7.500000	0.315906	1.237720
7.600000	0.314924	1.217432
7.700000	0.313958	1.197886
7.800000	0.313007	1.179056
7.900000	0.312071	1.160915
8.000000	0.311149	1.143435
8.100000	0.310241	1.126588
8.200000	0.309347	1.110339
8.300000	0.308465	1.094651
8.400000	0.307595	1.079482
8.500000	0.306737	1.064784
8.600000	0.305891	1.050504
8.700000	0.305056	1.036591
8.800000	0.304233	1.022999
8.900000	0.303419	1.009687
9.000000	0.302617	0.996632
9.100000	0.301825	0.983818
9.200000	0.301043	0.971245
9.300000	0.300271	0.958919
9.400000	0.299508	0.946851
9.500000	0.298756	0.935042
9.600000	0.298012	0.923482
9.700000	0.297278	0.912149
9.800000	0.296553	0.901010
9.900000	0.295836	0.890029
10.000000	0.295129	0.879173
