L T mean_abs_M naive_SE block50_SE ratio tau_int
32 1.5000 0.98623321 8.8668033e-05 0.0001597294 1.8014317 1.6600521
32 1.6000 0.97950428 0.00011635488 0.00019367576 1.6645263 1.7141595
32 1.7000 0.97039295 0.00015059136 0.00034886959 2.316664 2.182525
32 1.8000 0.95592539 0.00020020452 0.00051704803 2.5825991 2.9382712
32 1.9000 0.9378875 0.00027863835 0.00070804359 2.5410845 4.0495918
32 2.0000 0.91167482 8.4988892e-05 0.00027281911 3.2100561 8.1999229
32 2.0500 0.89365022 0.00010397822 0.00048035348 4.6197508 11.825933
32 2.1000 0.86927584 0.0001372841 0.00091700937 6.6796475 22.584613
32 2.1500 0.83517678 0.00019860905 0.0017730326 8.92725 40.032389
32 2.2000 0.78768377 0.00029461214 0.0041130107 13.960765 101.6609
32 2.2500 0.69942779 0.00047061158 0.0070175717 14.9116 149.45027
32 2.3000 0.54828041 0.00065584141 0.0084856765 12.93861 120.05592
32 2.3500 0.42221177 0.00068884459 0.011086946 16.094989 138.66009
32 2.4000 0.31796279 0.00062135519 0.0074455813 11.98281 115.42122
32 2.4500 0.24355504 0.0005184282 0.0051690749 9.9706668 50.217891
32 2.5000 0.20417425 0.00045395455 0.0050837368 11.198779 49.874338
32 2.5500 0.16910292 0.0003815023 0.002509358 6.5775698 26.977844
32 2.6000 0.15313333 0.00034964275 0.0020226021 5.7847678 20.615412
32 2.7000 0.12079687 0.0012800638 0.0062291469 4.8662785 12.573792
32 2.8000 0.10769179 0.0011242028 0.0045712256 4.0661931 9.0041467
32 2.9000 0.090951158 0.00097768128 0.0037657417 3.8517069 8.1018066
32 3.0000 0.082139054 0.0009094952 0.0032180484 3.5382797 6.3274897
32 3.1000 0.075621475 0.0008223719 0.0018824255 2.2890197 4.2227603
32 3.2000 0.069928903 0.0007380976 0.0018745583 2.539716 3.9105823
32 3.3000 0.068385541 0.00073461593 0.0021282644 2.8971117 3.4321506
32 3.4000 0.064208971 0.00067964107 0.0016536837 2.4331721 2.7273411
32 3.5000 0.064329684 0.00067326402 0.0016670657 2.476095 2.8770652
64 1.5000 0.98647394 4.4312094e-05 9.5024147e-05 2.1444292 1.576015
64 1.6000 0.97950593 5.9512352e-05 0.00010665538 1.7921554 1.9885675
64 1.7000 0.96999745 7.5008355e-05 0.00013010847 1.7345864 2.0413853
64 1.8000 0.95679494 9.7724361e-05 0.00024004375 2.4563348 3.0925574
64 1.9000 0.93885136 0.00012714952 0.000329085 2.5881733 3.4439167
64 2.0000 0.91137919 4.3450249e-05 0.00016427651 3.7807956 8.8973334
64 2.0500 0.8929898 5.3396021e-05 0.00028165921 5.2749101 12.805149
64 2.1000 0.86877703 6.9745404e-05 0.00040464306 5.8017165 21.807557
64 2.1500 0.8358482 9.5941852e-05 0.00080478021 8.388208 44.355381
64 2.2000 0.78735145 0.00015033055 0.0023475822 15.616135 141.1336
64 2.2500 0.66429166 0.00043496646 0.014101412 32.419538 647.27915
64 2.3000 0.42448891 0.00062119044 0.017756375 28.584431 520.75489
64 2.3500 0.24499088 0.00050198505 0.011937974 23.781534 369.32627
64 2.4000 0.17248596 0.00037562525 0.005681375 15.125115 128.44534
64 2.4500 0.12469439 0.00028787093 0.003878593 13.473375 77.830217
64 2.5000 0.10020862 0.00023933695 0.0022024487 9.2022932 53.228285
64 2.5500 0.086547006 0.00020395108 0.0016742553 8.2091023 32.129702
64 2.6000 0.076738852 0.00018064008 0.00121067 6.7021121 25.634037
64 2.7000 0.06286748 0.00066086962 0.002941702 4.4512593 11.185345
64 2.8000 0.050487403 0.00053731927 0.0024725193 4.6015832 11.340108
64 2.9000 0.045431156 0.00048199426 0.0016459487 3.4148719 6.6258422
64 3.0000 0.045344922 0.00048609542 0.0016184431 3.3294762 6.5513168
64 3.1000 0.039338283 0.00042747808 0.0011662476 2.7282046 4.6464407
64 3.2000 0.038683886 0.00041367955 0.0011633288 2.8121496 4.197951
64 3.3000 0.034184571 0.00036263335 0.0010042514 2.7693298 3.5686306
64 3.4000 0.032028711 0.0003361238 0.00080272264 2.3881755 3.3040593
64 3.5000 0.032147939 0.00035068752 0.00079087955 2.2552258 2.8083269
